5.642224832765612152e-01
-2.742507246559235390e-01
4.052577140783635290e-01
4.890042885437281273e-01
2.458497304049167276e-01
-7.144371083244313581e-02
-1.573888740764057548e-01
5.235714456127956717e-01
-1.697948166107106083e-01
-2.881870672088888141e-01
6.035210402895881954e-01
7.164790250748386269e-01
-5.079704768659724923e-02
4.414786906734524119e-01
6.745395537478231507e-01
4.992584953000670511e-01
5.611134217567194105e-01
2.211898161220008374e-01
7.975457633440938832e-01
4.948051615128762903e-01
-2.530770034372895397e-02
-1.374041134752203297e-01
-4.520175378012274842e-02
6.683906062655581293e-02
-3.371554602872302991e-02
-5.519956188734259639e-02
6.353717628272211038e-02
-7.341729439136027158e-02
9.123521647541121826e-02
7.125511755263266855e-02
4.800234214507648201e-02
