3.051989211764140730e+00
3.286702471098547296e+00
3.295866249502287459e+00
5.338570570493145873e+00
2.133550682784780328e+00
-2.481043890605699520e+00
-1.086586411544563546e+01
3.548225993032887882e+00
-2.218053920557524350e+01
-1.753500172167591842e+01
-6.131343449274472279e-01
-2.512030835111336291e-01
1.281111003138561966e+00
-1.956598242924164066e-01
6.446782377766724359e-01
1.307871985471522835e+00
3.439991222997258458e+00
-8.266768004497841993e-01
-6.573083195796078471e+00
1.611392958634435146e+01
4.435341666480852929e+00
-1.179919607127325420e+01
9.975600695926795325e+00
1.159031090365737882e+01
-5.736840396601174952e+00
9.978093554739126958e+00
1.312339752198409215e+01
1.655446840917236884e+01
5.294414631045312625e+00
2.166268759580591308e+01
2.476731010947077394e+01
