6.171075973639205126e-01
5.287397387906971336e-01
3.597066133824228240e-01
9.826614146634986280e-02
1.089597106548407579e+00
3.767594733887307812e-01
4.868523712245029778e-01
4.113507072483944538e-01
-5.379755610130758647e-01
-2.336191942886247652e+00
-4.123852047769753226e-01
2.035594043320946067e+00
-3.815108237742038666e-01
-1.131069470350217210e-01
-8.413480347155938288e-01
5.496957910058127006e-02
-4.182505444750462820e-01
2.517727772299073741e-01
-1.565759979801810475e+00
4.374427266835568262e-01
-6.946894591393350249e-02
2.398294542880766045e+00
-5.091810961085387888e+00
-2.947196308472831983e-01
1.073633812674673393e+00
1.597618588745329360e+00
1.250040362416996897e+00
-1.741829325676644974e-02
-1.000694882706228750e+00
2.884705374945564227e+00
-1.672539649953163954e+00
