3.475130289695843366e+00
8.995364236817636749e-01
4.020848789919925004e+00
5.890549200644152883e+00
3.953034111505543180e+00
-3.478368851512527282e+00
-1.031443905126080196e+01
2.949674094096351062e+00
-2.196124388271349304e+01
-1.651416939689990215e+01
8.999291297589370187e-01
-3.090079119422007192e+00
4.471985791418434886e+00
-3.506414393197584189e+00
-1.777750255921481282e+00
1.921262158677241594e+00
3.668633081680841901e+00
5.657535238150956047e+00
-6.823322813925040364e+00
1.462192435038015681e+01
1.127552111050772332e+01
-1.959333729264921553e-01
1.153069467046071672e+01
1.713342006337722623e+01
3.922198059340939569e+00
2.035602339256327653e+01
2.314376217099368560e+01
2.037738240083301022e+01
1.666529747332710443e+01
2.993819384223219515e+01
2.606871115378884340e+01
